Array linspace:
[0.         0.04166667 0.08333333 0.125      0.16666667 0.20833333
 0.25       0.29166667 0.33333333 0.375      0.41666667 0.45833333
 0.5        0.54166667 0.58333333 0.625      0.66666667 0.70833333
 0.75       0.79166667 0.83333333 0.875      0.91666667 0.95833333
 1.        ]

Array casuale:
[0.27805317 0.04419959 0.60334116 0.29725703 0.92984785 0.27650692
 0.4501246  0.75275869 0.23790299 0.96287948 0.61074457 0.2498067
 0.48700412 0.49764458 0.43708653 0.10661789 0.57159884 0.42493569
 0.94603701 0.05534197 0.82565026 0.35108438 0.98031361 0.56700081
 0.74139343]

Array somma:
[0.27805317 0.08586625 0.6866745  0.42225703 1.09651452 0.48484025
 0.7001246  1.04442535 0.57123632 1.33787948 1.02741124 0.70814003
 0.98700412 1.03931124 1.02041986 0.73161789 1.23826551 1.13326902
 1.69603701 0.84700864 1.65898359 1.22608438 1.89698028 1.52533414
 1.74139343]

Somma totale: 25.18513186270346
Somma elementi > 5: 0.0
==================================================
